104
112
119
122
134
136
147
148
149
154
160
166
170
176
180
199
205
241
248
261
263
266
267
272
274
275
276
277
278
279
292
301
304
312
314
316
317
327
341
347
370
372
374
376
386
387
388
400
401
405
412
415
416
436
437
447
452
462
467
468
469
477
479
481
498
500
506
507
517
534
547
575
588
601
602
612
618
622
624
629
633
636
646
653
656
657
669
673
702
704
721
725
727
730
733
752
762
781
783
786
808
814
818
822
825
826
842
845
846
848
868
874
877
878
884
893
896
898
902
914
915
919
933
968
972
980
985
104
112
119
122
134
136
147
148
149
154
160
166
170
176
180
199
205
241
248
261
263
266
267
272
274
275
276
277
278
279
292
301
304
312
314
316
317
327
341
347
370
372
374
376
386
387
388
400
401
405
412
415
416
436
437
447
452
462
467
468
469
477
479
481
498
500
506
507
517
534
547
575
588
601
602
612
618
622
624
629
633
636
646
653
656
657
669
673
702
704
721
725
727
730
733
752
762
781
783
786
808
814
818
822
825
826
842
845
846
848
868
874
877
878
884
893
896
898
902
914
915
919
933
968
972
980
985
104
112
119
122
134
136
147
148
149
154
160
166
170
176
180
199
205
241
248
261
263
266
267
272
274
275
276
277
278
279
292
301
304
312
314
316
317
327
341
347
370
372
374
376
386
387
388
400
401
405
412
415
416
436
437
447
452
462
467
468
469
477
479
481
498
500
506
507
517
534
547
575
588
601
602
612
618
622
624
629
633
636
646
653
656
657
669
673
702
704
721
725
727
730
733
752
762
781
783
786
808
814
818
822
825
826
842
845
846
848
868
874
877
878
884
893
896
898
902
914
915
919
933
968
972
980
985
104
112
119
122
134
136
147
148
149
154
160
166
170
176
180
199
205
241
248
261
263
266
267
272
274
275
276
277
278
279
292
301
304
312
314
316
317
327
341
347
370
372
374
376
386
387
388
400
401
405
412
415
416
436
437
447
452
462
467
468
469
477
479
481
498
500
506
507
517
534
547
575
588
601
602
612
618
622
624
629
633
636
646
653
656
657
669
673
702
704
721
725
727
730
733
752
762
781
783
786
808
814
818
822
825
826
842
845
846
848
868
874
877
878
884
893
896
898
902
914
915
919
933
968
972
980
985
104
112
119
122
134
136
147
148
149
154
160
166
170
176
180
199
205
241
248
261
263
266
267
272
274
275
276
277
278
279
292
301
304
312
314
316
317
327
341
347
370
372
374
376
386
387
388
400
401
405
412
415
416
436
437
447
452
462
467
468
469
477
479
481
498
500
506
507
517
534
547
575
588
601
602
612
618
622
624
629
633
636
646
653
656
657
669
673
702
704
721
725
727
730
733
752
762
781
783
786
808
814
818
822
825
826
842
845
846
848
868
874
877
878
884
893
896
898
902
914
915
919
933
968
972
980
985
104
112
119
122
134
136
147
148
149
154
160
166
170
176
180
199
205
241
248
261
263
266
267
272
274
275
276
277
278
279
292
301
304
312
314
316
317
327
341
347
370
372
374
376
386
387
388
400
401
405
412
415
416
436
437
447
452
462
467
468
469
477
479
481
498
500
506
507
517
534
547
575
588
601
602
612
618
622
624
629
633
636
646
653
656
657
669
673
702
704
721
725
727
730
733
752
762
781
783
786
808
814
818
822
825
826
842
845
846
848
868
874
877
878
884
893
896
898
902
914
915
919
933
968
972
980
985
104
112
119
122
134
136
147
148
149
154
160
166
170
176
180
199
205
241
248
261
263
266
267
272
274
275
276
277
278
279
292
301
304
312
314
316
317
327
341
347
370
372
374
376
386
387
388
400
401
405
412
415
416
436
437
447
452
462
467
468
469
477
479
481
498
500
506
507
517
534
547
575
588
601
602
612
618
622
624
629
633
636
646
653
656
657
669
673
702
704
721
725
727
730
733
752
762
781
783
786
808
814
818
822
825
826
842
845
846
848
868
874
877
878
884
893
896
898
902
914
915
919
933
968
972
980
985
