498,498
301,301
481,481
762,762
199,199
400,400
633,633
877,877
148,148
272,272
347,347
447,447
588,588
702,702
825,825
915,915
122,122
166,166
261,261
277,277
316,316
376,376
415,415
468,468
517,517
618,618
656,656
727,727
808,808
846,846
896,896
972,972
112,112
154,154
241,241
275,275
312,312
372,372
405,405
462,462
506,506
602,602
646,646
721,721
783,783
842,842
884,884
933,933
136,136
176,176
266,266
279,279
327,327
387,387
436,436
477,477
547,547
624,624
669,669
733,733
818,818
868,868
902,902
985,985
104,104
149,149
205,205
274,274
304,304
370,370
401,401
452,452
500,500
601,601
636,636
704,704
781,781
826,826
878,878
919,919
119,119
160,160
248,248
276,276
314,314
374,374
412,412
467,467
507,507
612,612
653,653
725,725
786,786
845,845
893,893
968,968
134,134
170,170
263,263
278,278
317,317
386,386
416,416
469,469
534,534
622,622
657,657
730,730
814,814
848,848
898,898
980,980
147,147
180,180
267,267
292,292
341,341
388,388
437,437
479,479
575,575
629,629
673,673
752,752
822,822
874,874
914,914
