114
119
124
143
157
167
183
184
187
205
214
216
217
218
225
231
237
240
241
245
248
249
251
260
267
268
276
277
279
299
300
310
311
317
318
321
326
328
329
337
339
348
353
372
382
385
394
396
397
403
410
415
420
448
455
479
480
483
494
522
532
533
541
551
552
555
573
597
602
610
613
625
642
650
652
653
658
659
662
665
681
682
690
691
710
712
718
727
728
730
738
742
746
750
753
769
776
777
790
795
802
807
808
822
836
837
844
854
855
865
866
869
872
891
904
907
918
919
931
956
957
961
963
965
967
970
972
973
114
119
124
143
157
167
183
184
187
205
214
216
217
218
225
231
237
240
241
245
248
249
251
260
267
268
276
277
279
299
300
310
311
317
318
321
326
328
329
337
339
348
353
372
382
385
394
396
397
403
410
415
420
448
455
479
480
483
494
522
532
533
541
551
552
555
573
597
602
610
613
625
642
650
652
653
658
659
662
665
681
682
690
691
710
712
718
727
728
730
738
742
746
750
753
769
776
777
790
795
802
807
808
822
836
837
844
854
855
865
866
869
872
891
904
907
918
919
931
956
957
961
963
965
967
970
972
973
114
119
124
143
157
167
183
184
187
205
214
216
217
218
225
231
237
240
241
245
248
249
251
260
267
268
276
277
279
299
300
310
311
317
318
321
326
328
329
337
339
348
353
372
382
385
394
396
397
403
410
415
420
448
455
479
480
483
494
522
532
533
541
551
552
555
573
597
602
610
613
625
642
650
652
653
658
659
662
665
681
682
690
691
710
712
718
727
728
730
738
742
746
750
753
769
776
777
790
795
802
807
808
822
836
837
844
854
855
865
866
869
872
891
904
907
918
919
931
956
957
961
963
965
967
970
972
973
114
119
124
143
157
167
183
184
187
205
214
216
217
218
225
231
237
240
241
245
248
249
251
260
267
268
276
277
279
299
300
310
311
317
318
321
326
328
329
337
339
348
353
372
382
385
394
396
397
403
410
415
420
448
455
479
480
483
494
522
532
533
541
551
552
555
573
597
602
610
613
625
642
650
652
653
658
659
662
665
681
682
690
691
710
712
718
727
728
730
738
742
746
750
753
769
776
777
790
795
802
807
808
822
836
837
844
854
855
865
866
869
872
891
904
907
918
919
931
956
957
961
963
965
967
970
972
973
114
119
124
143
157
167
183
184
187
205
214
216
217
218
225
231
237
240
241
245
248
249
251
260
267
268
276
277
279
299
300
310
311
317
318
321
326
328
329
337
339
348
353
372
382
385
394
396
397
403
410
415
420
448
455
479
480
483
494
522
532
533
541
551
552
555
573
597
602
610
613
625
642
650
652
653
658
659
662
665
681
682
690
691
710
712
718
727
728
730
738
742
746
750
753
769
776
777
790
795
802
807
808
822
836
837
844
854
855
865
866
869
872
891
904
907
918
919
931
956
957
961
963
965
967
970
972
973
114
119
124
143
157
167
183
184
187
205
214
216
217
218
225
231
237
240
241
245
248
249
251
260
267
268
276
277
279
299
300
310
311
317
318
321
326
328
329
337
339
348
353
372
382
385
394
396
397
403
410
415
420
448
455
479
480
483
494
522
532
533
541
551
552
555
573
597
602
610
613
625
642
650
652
653
658
659
662
665
681
682
690
691
710
712
718
727
728
730
738
742
746
750
753
769
776
777
790
795
802
807
808
822
836
837
844
854
855
865
866
869
872
891
904
907
918
919
931
956
957
961
963
965
967
970
972
973
114
119
124
143
157
167
183
184
187
205
214
216
217
218
225
231
237
240
241
245
248
249
251
260
267
268
276
277
279
299
300
310
311
317
318
321
326
328
329
337
339
348
353
372
382
385
394
396
397
403
410
415
420
448
455
479
480
483
494
522
532
533
541
551
552
555
573
597
602
610
613
625
642
650
652
653
658
659
662
665
681
682
690
691
710
712
718
727
728
730
738
742
746
750
753
769
776
777
790
795
802
807
808
822
836
837
844
854
855
865
866
869
872
891
904
907
918
919
931
956
957
961
963
965
967
970
972
973
