104,104
112,112
119,119
122,122
134,134
136,136
147,147
148,148
149,149
154,154
160,160
166,166
170,170
176,176
180,180
199,199
205,205
241,241
248,248
261,261
263,263
266,266
267,267
272,272
274,274
275,275
276,276
277,277
278,278
279,279
292,292
301,301
304,304
312,312
314,314
316,316
317,317
327,327
341,341
347,347
370,370
372,372
374,374
376,376
386,386
387,387
388,388
400,400
401,401
405,405
412,412
415,415
416,416
436,436
437,437
447,447
452,452
462,462
467,467
468,468
469,469
477,477
479,479
481,481
498,498
500,500
506,506
507,507
517,517
534,534
547,547
575,575
588,588
601,601
602,602
612,612
618,618
622,622
624,624
629,629
633,633
636,636
646,646
653,653
656,656
657,657
669,669
673,673
702,702
704,704
721,721
725,725
727,727
730,730
733,733
752,752
762,762
781,781
783,783
786,786
808,808
814,814
818,818
822,822
825,825
826,826
842,842
845,845
846,846
848,848
868,868
874,874
877,877
878,878
884,884
893,893
896,896
898,898
902,902
914,914
915,915
919,919
933,933
968,968
972,972
980,980
985,985